domain=domains/gripper.pddl
seed=20260605
instances=100
rooms=4
grippers=2
cost_models=unit,value,inverse,heavy

# init/goals list room indices for ball1..ballN.
001: balls=23 robot=1 init=(2 1 1 2 0 3 0 1 1 3 2 3 3 3 3 1 2 1 1 2 1 0 0) goal=(0 0 2 0 2 2 3 2 0 0 1 0 0 2 0 2 0 2 0 3 3 1 1)
002: balls=13 robot=2 init=(0 0 1 0 0 2 1 1 2 2 3 2 2) goal=(2 2 0 3 2 1 3 0 0 0 2 0 3)
003: balls=18 robot=0 init=(3 0 2 3 0 0 1 2 3 2 3 1 1 1 0 3 3 1) goal=(0 3 0 2 1 2 0 0 0 3 2 2 3 0 3 0 2 0)
004: balls=17 robot=0 init=(3 0 3 0 3 1 3 0 1 0 1 0 1 3 3 0 2) goal=(2 2 0 2 1 0 2 1 3 3 3 1 0 1 1 2 3)
005: balls=24 robot=0 init=(2 2 1 0 0 2 1 2 3 2 3 3 1 3 3 3 1 3 3 1 0 0 2 0) goal=(3 1 2 3 3 1 2 0 0 0 0 0 2 1 2 2 3 1 0 3 3 3 1 1)
006: balls=24 robot=3 init=(2 1 3 1 0 1 3 3 0 0 3 3 3 3 0 1 3 1 3 3 0 1 1 1) goal=(1 2 1 2 3 0 0 0 1 2 2 1 0 0 2 3 2 2 0 2 3 2 2 3)
007: balls=22 robot=3 init=(1 0 2 3 1 2 2 2 3 0 0 2 3 2 1 3 3 1 1 1 2 1) goal=(0 3 1 2 2 1 3 1 1 1 2 0 0 3 3 0 1 0 3 0 1 3)
008: balls=16 robot=2 init=(0 2 0 2 0 0 2 2 1 1 0 2 3 0 3 2) goal=(2 1 3 1 2 3 0 3 2 3 3 0 2 2 1 1)
009: balls=21 robot=1 init=(2 1 2 2 0 1 1 2 3 2 0 0 3 0 3 3 0 3 0 0 1) goal=(0 3 1 0 3 0 3 3 0 1 2 2 0 3 1 1 1 0 3 1 3)
010: balls=13 robot=2 init=(2 2 2 1 2 1 2 2 3 0 0 3 3) goal=(0 0 1 0 1 2 3 1 0 1 2 2 0)
011: balls=17 robot=3 init=(0 2 2 1 3 0 2 0 0 2 3 1 3 3 2 0 0) goal=(3 3 3 2 2 1 1 3 3 1 1 3 2 2 0 2 3)
012: balls=16 robot=1 init=(1 2 0 0 1 2 1 3 1 1 1 0 3 2 1 2) goal=(2 3 1 3 2 0 3 0 2 0 3 3 1 3 3 0)
013: balls=23 robot=1 init=(2 2 0 0 3 1 0 3 3 0 0 2 2 0 2 3 3 3 1 0 3 3 2) goal=(3 3 1 3 1 2 1 1 0 1 1 0 0 2 0 1 0 1 2 2 1 2 0)
014: balls=20 robot=0 init=(0 1 2 1 0 0 2 2 3 3 0 0 0 2 3 2 0 1 3 1) goal=(3 3 3 0 1 2 1 0 1 1 1 2 2 3 1 1 2 2 1 0)
015: balls=12 robot=1 init=(3 3 1 3 3 2 3 3 2 1 0 2) goal=(0 2 2 1 0 0 0 0 1 3 2 0)
016: balls=21 robot=3 init=(2 3 2 3 3 3 3 2 2 0 3 0 1 2 3 0 2 1 2 3 2) goal=(0 1 3 2 2 1 2 3 0 1 0 1 0 3 0 3 1 2 1 2 1)
017: balls=16 robot=0 init=(3 2 2 0 3 0 3 0 3 2 3 0 2 3 3 0) goal=(2 0 1 3 1 3 0 3 1 0 1 1 0 1 1 2)
018: balls=23 robot=3 init=(1 0 2 3 0 2 3 3 1 1 0 2 1 0 2 0 3 2 0 3 2 2 1) goal=(2 1 3 2 3 0 2 2 3 3 2 1 2 3 3 2 1 3 2 1 1 0 2)
019: balls=17 robot=0 init=(2 3 1 0 2 0 3 3 1 0 3 2 1 1 3 3 1) goal=(0 0 0 2 0 3 0 0 2 1 2 0 3 3 2 1 3)
020: balls=14 robot=0 init=(1 2 2 3 0 0 3 1 0 2 2 3 0 3) goal=(0 1 1 1 2 3 2 3 2 3 3 2 3 2)
021: balls=21 robot=2 init=(1 0 0 3 0 0 3 0 1 2 2 3 2 3 3 2 1 0 3 2 0) goal=(0 3 1 0 3 2 0 3 0 1 1 2 0 1 0 3 2 2 1 3 3)
022: balls=20 robot=0 init=(2 1 0 3 2 0 2 2 2 2 3 1 0 2 3 2 3 1 1 3) goal=(0 0 1 1 1 3 0 1 0 1 2 3 1 0 1 0 2 0 0 1)
023: balls=22 robot=3 init=(1 1 1 2 1 1 1 1 2 3 0 2 2 3 3 3 0 3 0 2 0 3) goal=(0 0 2 1 3 3 3 3 1 2 1 3 3 2 1 2 3 1 2 0 1 0)
024: balls=20 robot=2 init=(3 3 3 2 0 3 3 2 1 2 3 1 2 3 1 2 2 2 3 1) goal=(1 2 1 0 3 1 2 3 0 3 2 2 0 2 2 3 1 0 2 0)
025: balls=23 robot=1 init=(1 1 2 2 3 3 3 2 0 3 0 0 2 3 2 2 3 3 0 3 0 2 3) goal=(0 2 3 1 0 2 0 1 3 2 2 1 3 1 3 0 2 2 3 2 3 0 2)
026: balls=24 robot=1 init=(2 0 3 2 2 1 3 1 3 0 2 3 0 2 0 3 2 3 3 0 2 3 1 2) goal=(0 2 0 1 0 3 1 3 1 1 0 2 1 0 1 2 1 1 1 3 3 0 0 3)
027: balls=21 robot=1 init=(2 3 0 2 0 1 2 3 2 1 3 3 3 2 2 3 1 1 3 2 3) goal=(0 1 1 0 1 3 3 1 3 3 1 2 1 3 1 0 2 0 0 0 1)
028: balls=13 robot=3 init=(2 2 3 3 1 2 1 3 3 2 2 2 1) goal=(1 1 0 2 3 0 2 2 0 1 0 1 3)
029: balls=15 robot=0 init=(3 0 1 1 0 2 2 3 2 1 3 3 1 3 1) goal=(1 2 2 3 3 3 0 2 0 0 2 0 2 0 0)
030: balls=21 robot=2 init=(2 2 1 1 2 1 3 3 3 1 0 0 0 1 1 1 3 2 3 1 0) goal=(1 3 3 2 1 0 1 0 0 0 3 3 1 3 2 3 2 0 1 0 1)
031: balls=24 robot=2 init=(0 0 2 3 3 0 2 3 2 2 1 2 3 2 3 0 0 1 1 0 3 3 2 3) goal=(1 1 0 1 2 2 1 1 3 1 2 3 1 1 2 1 3 0 3 2 1 2 1 2)
032: balls=16 robot=0 init=(3 2 3 3 2 3 2 1 1 2 2 3 1 3 3 3) goal=(0 3 0 2 3 1 1 3 3 3 0 2 0 1 2 1)
033: balls=17 robot=2 init=(3 2 1 1 1 1 0 0 1 0 1 2 0 2 2 0 1) goal=(1 1 0 3 2 0 3 3 3 1 0 3 2 3 1 2 2)
034: balls=14 robot=2 init=(3 2 2 2 0 0 2 0 2 1 3 0 0 0) goal=(0 3 1 3 2 3 3 3 1 0 0 2 3 3)
035: balls=15 robot=2 init=(1 3 3 3 0 0 3 1 2 3 2 3 2 0 3) goal=(0 2 2 0 2 1 1 2 1 2 1 0 1 2 0)
036: balls=15 robot=2 init=(0 1 3 2 3 3 1 0 0 0 3 1 0 1 2) goal=(3 3 2 3 2 1 2 1 3 2 1 3 1 0 0)
037: balls=24 robot=1 init=(0 3 2 0 0 1 1 1 1 1 3 0 0 0 0 0 2 3 3 1 2 0 0 2) goal=(2 2 0 2 3 2 2 0 2 2 0 3 2 2 3 3 3 1 0 3 0 3 3 1)
038: balls=23 robot=3 init=(3 2 2 0 0 2 2 1 1 0 1 3 1 3 0 0 1 0 2 1 2 3 3) goal=(1 0 3 3 2 1 1 2 0 1 0 1 3 0 2 3 0 3 1 0 0 2 2)
039: balls=24 robot=0 init=(0 2 3 1 0 2 0 2 2 0 0 0 0 0 2 0 0 2 3 0 0 1 1 2) goal=(1 0 1 0 1 0 2 0 3 1 1 2 2 1 0 2 2 0 2 3 3 2 0 3)
040: balls=12 robot=3 init=(3 1 3 3 1 2 2 2 2 1 3 1) goal=(0 3 2 1 2 0 3 0 1 0 0 0)
041: balls=23 robot=0 init=(3 3 3 1 3 1 3 0 2 1 1 0 1 2 3 1 2 3 1 2 1 3 1) goal=(2 0 2 0 0 2 0 1 0 2 0 3 2 1 1 3 1 0 2 1 0 2 0)
042: balls=18 robot=3 init=(3 3 3 0 1 2 1 1 3 2 0 2 3 3 1 0 0 1) goal=(0 2 2 2 3 3 3 2 2 3 2 0 2 2 2 2 1 0)
043: balls=16 robot=3 init=(1 3 2 2 3 2 2 2 0 3 2 1 1 3 2 1) goal=(2 0 1 3 1 0 3 0 2 1 0 3 3 1 0 3)
044: balls=14 robot=2 init=(1 0 2 3 2 1 1 2 2 0 3 0 1 2) goal=(2 1 3 0 3 2 3 3 1 3 0 3 2 0)
045: balls=18 robot=3 init=(2 3 3 2 0 3 0 1 2 0 1 1 0 2 2 0 2 1) goal=(0 2 0 1 3 1 2 3 3 2 3 0 1 0 0 3 0 0)
046: balls=21 robot=1 init=(0 1 0 1 3 0 3 2 0 3 0 1 3 2 2 3 0 0 3 1 2) goal=(1 2 2 2 1 3 0 0 1 0 1 0 2 0 1 1 1 3 0 3 3)
047: balls=24 robot=0 init=(0 2 1 1 0 2 2 2 2 3 1 0 2 0 1 2 2 0 3 1 3 0 2 0) goal=(1 1 3 2 1 1 3 1 0 2 2 3 1 3 2 1 1 1 2 3 2 3 3 1)
048: balls=23 robot=0 init=(3 1 3 0 0 2 1 3 0 1 1 0 0 1 0 1 1 3 3 3 1 2 0) goal=(2 0 2 3 1 1 3 2 3 0 2 1 1 0 3 3 3 0 2 2 2 0 2)
049: balls=21 robot=0 init=(1 1 2 0 0 1 0 3 3 3 0 3 2 0 2 0 1 0 2 3 2) goal=(3 2 3 2 3 3 2 1 2 2 3 1 1 1 3 1 0 1 0 2 0)
050: balls=15 robot=1 init=(3 3 0 1 2 3 0 2 1 2 3 2 2 1 2) goal=(1 2 3 3 1 2 2 3 3 1 2 3 3 3 1)
051: balls=21 robot=1 init=(0 0 0 0 2 1 3 3 0 1 1 1 3 0 0 1 1 3 3 2 1) goal=(1 2 3 2 1 3 2 1 2 2 0 3 0 3 2 2 2 2 2 0 3)
052: balls=20 robot=0 init=(2 0 1 0 2 1 0 1 0 3 1 0 2 2 1 2 3 0 3 2) goal=(3 3 3 1 0 0 1 3 1 2 0 1 3 0 2 1 2 1 2 1)
053: balls=16 robot=0 init=(1 3 1 0 1 0 0 0 3 1 3 2 1 3 3 1) goal=(0 2 3 3 3 1 2 1 0 2 0 3 0 2 2 2)
054: balls=19 robot=2 init=(2 0 3 2 0 1 1 0 3 1 3 3 0 2 2 3 0 0 1) goal=(1 3 0 3 3 3 0 3 2 0 0 2 1 0 1 1 1 1 0)
055: balls=12 robot=2 init=(1 3 1 2 0 0 3 2 2 0 3 0) goal=(3 2 2 3 3 1 2 3 0 3 2 2)
056: balls=20 robot=3 init=(3 3 0 3 2 0 2 2 2 1 1 1 1 0 3 2 2 1 2 0) goal=(2 0 1 2 0 1 0 0 1 2 0 3 0 3 1 3 3 0 1 2)
057: balls=21 robot=3 init=(0 1 0 0 0 0 0 1 1 2 0 0 1 1 1 2 0 2 2 0 1) goal=(3 0 3 1 2 1 3 0 2 3 1 2 3 0 2 0 1 3 0 2 2)
058: balls=14 robot=2 init=(3 1 0 1 0 3 1 1 1 2 2 2 2 1) goal=(2 2 3 3 2 0 2 2 0 3 3 0 1 0)
059: balls=18 robot=2 init=(0 3 1 2 2 2 2 3 3 2 2 0 3 3 1 1 3 0) goal=(2 1 2 1 1 3 0 2 0 0 3 3 0 0 0 3 2 1)
060: balls=12 robot=1 init=(0 2 1 1 0 2 2 3 1 2 0 1) goal=(3 0 0 3 2 1 0 1 2 0 1 3)
061: balls=23 robot=0 init=(1 0 0 3 1 0 0 0 2 0 1 1 2 3 1 2 1 3 0 2 3 1 2) goal=(2 2 3 1 2 3 3 2 1 3 0 0 0 0 3 3 2 0 2 3 2 3 3)
062: balls=20 robot=0 init=(1 3 3 1 3 2 3 1 2 1 3 0 0 0 1 3 3 1 2 0) goal=(3 0 2 0 2 3 2 3 0 0 1 2 3 3 0 2 0 2 0 3)
063: balls=22 robot=2 init=(2 3 3 2 3 1 1 1 3 0 0 3 1 2 2 3 0 0 1 1 0 1) goal=(0 1 2 0 2 0 2 3 1 1 1 0 2 1 0 1 2 2 0 3 1 2)
064: balls=16 robot=1 init=(0 1 3 3 1 1 0 1 0 3 1 2 0 1 3 1) goal=(3 3 0 2 0 0 1 0 2 1 2 1 1 2 1 0)
065: balls=20 robot=0 init=(3 2 2 3 2 3 2 2 1 2 2 0 2 2 3 3 1 1 3 2) goal=(0 0 0 1 0 0 1 3 3 1 1 1 3 0 2 2 2 3 2 3)
066: balls=19 robot=2 init=(1 0 3 2 2 0 1 0 2 0 3 2 1 2 1 2 3 0 3) goal=(2 1 0 0 1 3 3 2 0 1 2 1 3 1 0 1 1 1 2)
067: balls=19 robot=2 init=(3 0 1 2 2 2 1 0 2 0 2 0 2 1 2 3 1 2 2) goal=(2 2 3 1 0 1 2 2 3 2 3 2 3 3 3 2 0 0 3)
068: balls=12 robot=0 init=(2 3 2 0 3 2 2 3 0 2 1 2) goal=(1 0 1 2 1 1 3 2 2 0 3 1)
069: balls=13 robot=1 init=(2 0 2 3 2 1 3 0 1 1 1 0 3) goal=(0 1 1 2 1 2 2 3 0 2 0 3 0)
070: balls=15 robot=3 init=(3 1 2 1 1 0 0 1 2 2 3 0 0 0 1) goal=(0 3 1 0 2 1 3 0 0 0 1 2 2 2 2)
071: balls=15 robot=3 init=(3 2 3 3 3 2 0 2 2 3 3 3 3 1 0) goal=(1 3 2 2 0 3 3 0 1 0 0 2 2 2 1)
072: balls=14 robot=2 init=(1 0 1 3 1 2 3 2 0 3 1 1 1 1) goal=(2 3 3 1 2 0 1 0 2 0 2 0 0 0)
073: balls=21 robot=0 init=(2 1 2 1 1 0 1 1 3 3 1 0 3 0 0 3 0 0 3 3 0) goal=(0 0 1 2 3 1 2 2 2 2 0 3 2 1 3 2 1 3 1 2 1)
074: balls=16 robot=0 init=(2 0 0 1 2 3 3 3 1 3 0 3 2 2 0 2) goal=(1 2 1 3 3 0 0 1 2 0 2 1 1 1 2 0)
075: balls=12 robot=1 init=(1 1 2 1 1 1 3 3 1 2 3 1) goal=(3 3 3 0 3 0 1 2 0 1 2 0)
076: balls=20 robot=1 init=(0 1 3 2 1 3 0 2 3 2 2 0 0 0 1 2 2 2 1 3) goal=(3 2 1 1 0 0 2 3 1 0 3 2 3 2 0 0 0 1 3 2)
077: balls=14 robot=0 init=(1 1 2 3 3 3 2 3 1 2 3 3 0 1) goal=(3 2 1 2 0 2 1 1 3 3 0 1 2 0)
078: balls=12 robot=3 init=(0 2 0 1 0 3 3 2 3 3 0 3) goal=(3 1 3 0 1 0 0 1 0 0 2 1)
079: balls=15 robot=2 init=(2 1 3 0 0 1 1 2 2 3 2 1 1 0 3) goal=(1 0 0 1 3 2 2 0 1 2 0 2 0 2 2)
080: balls=22 robot=0 init=(1 1 2 2 3 3 3 3 3 1 2 1 0 2 3 3 2 2 2 2 2 2) goal=(3 2 0 3 1 0 2 1 2 3 0 0 1 0 2 1 3 3 3 0 0 3)
081: balls=18 robot=0 init=(2 2 3 0 3 2 2 3 0 2 2 2 1 2 2 1 0 3) goal=(3 3 0 2 0 3 3 2 2 3 1 1 0 3 1 3 1 2)
082: balls=20 robot=2 init=(0 1 3 1 2 2 1 0 2 1 0 1 3 1 2 3 0 2 2 2) goal=(3 3 1 3 3 3 3 1 3 2 3 2 0 0 1 1 3 0 1 3)
083: balls=16 robot=1 init=(3 2 1 3 0 0 2 3 2 1 2 1 0 1 0 1) goal=(1 1 2 2 2 2 1 1 3 0 0 0 3 3 1 2)
084: balls=14 robot=2 init=(0 1 0 1 3 2 0 1 3 1 1 2 2 0) goal=(1 2 3 2 2 3 1 0 0 2 0 3 1 2)
085: balls=13 robot=2 init=(2 1 2 3 3 2 0 2 2 0 0 0 0) goal=(3 3 1 2 1 3 2 3 1 2 1 1 1)
086: balls=14 robot=1 init=(0 1 0 0 0 3 1 3 2 3 0 1 1 0) goal=(1 0 2 3 3 2 0 0 3 2 2 0 2 3)
087: balls=17 robot=0 init=(2 0 1 3 3 2 0 1 1 3 0 1 1 1 3 3 0) goal=(3 3 0 1 1 1 2 2 2 1 3 0 2 0 2 1 2)
088: balls=13 robot=3 init=(0 2 0 1 0 0 0 3 0 3 2 3 3) goal=(3 0 2 3 3 3 2 0 2 1 1 2 2)
089: balls=19 robot=3 init=(1 2 0 3 2 3 0 2 3 3 1 2 3 3 0 1 3 1 3) goal=(2 1 2 1 0 2 3 1 1 2 0 3 1 1 2 3 1 3 1)
090: balls=12 robot=2 init=(2 3 3 3 3 1 3 3 0 2 3 2) goal=(1 2 1 2 0 2 2 2 2 1 2 3)
091: balls=21 robot=0 init=(2 1 2 3 2 1 1 1 0 3 2 1 1 3 2 3 3 3 3 1 3) goal=(1 0 0 2 1 0 3 3 1 1 3 2 3 2 0 0 2 2 2 3 1)
092: balls=18 robot=0 init=(3 1 1 3 0 1 1 0 1 3 0 2 0 2 0 3 3 0) goal=(0 2 0 0 1 0 3 2 0 1 1 1 1 0 1 2 2 2)
093: balls=18 robot=0 init=(3 2 2 0 3 2 1 2 3 0 1 1 1 3 2 3 1 2) goal=(1 1 1 2 1 0 0 0 0 1 2 3 3 1 0 0 2 3)
094: balls=12 robot=3 init=(2 0 0 1 1 3 2 1 1 0 0 0) goal=(3 2 3 0 2 2 0 3 3 3 3 3)
095: balls=15 robot=3 init=(0 0 1 3 3 2 1 3 2 0 1 3 1 0 2) goal=(3 1 2 0 0 0 0 0 0 2 2 1 2 2 0)
096: balls=15 robot=0 init=(0 0 2 3 0 3 2 3 0 2 0 3 0 3 1) goal=(2 2 0 1 3 0 1 2 3 3 2 2 1 0 3)
097: balls=13 robot=0 init=(1 3 1 2 1 3 0 0 3 1 0 0 3) goal=(0 0 2 3 0 0 2 2 2 0 3 1 2)
098: balls=23 robot=2 init=(2 2 0 0 0 3 1 2 2 2 1 2 3 3 2 0 3 2 0 1 1 2 3) goal=(3 3 2 1 2 1 3 1 0 0 2 0 1 0 1 3 0 1 1 2 3 1 0)
099: balls=14 robot=3 init=(1 3 1 3 1 1 2 0 0 0 0 3 2 0) goal=(2 0 2 1 0 3 1 2 3 2 1 2 3 2)
100: balls=21 robot=3 init=(1 2 1 2 0 0 2 1 0 1 2 0 0 1 1 1 1 1 0 3 1) goal=(3 3 3 1 2 3 3 3 3 2 3 3 2 3 2 3 3 3 2 2 2)
